public static synchronized String a(Context context, byte[] bArr, int i) {
        String clock;
        synchronized (CPU.class) {
            clock = getClock(context, bArr, i);
        }
        return clock;
    }

[*] <instance: android.content.Context, $className: com.yxcorp.gifshow.App>
[*] [97, 112, 112, 61, 48, 97, 112, 112, 118, 101, 114, 61, 54, 46, 57, 46, 50, 46, 49, 49, 50, 52, 53, 98, 114, 111, 119, 115, 101, 84, 121, 112, 101, 61, 49, 99, 61, 71, 69, 78, 69, 82, 73, 67, 99, 108, 105, 101, 110, 116, 95, 107, 101, 121, 61, 51, 99, 50, 99, 100, 51, 102, 51, 99, 111, 117, 110, 116, 114, 121, 95, 99, 111, 100, 101, 61, 67, 78, 99, 117, 114, 61, 51, 100, 105, 100, 61, 65, 78, 68, 82, 79, 73, 68, 95, 50, 56, 99, 50, 100, 100, 99, 56, 99, 54, 54, 98, 51, 57, 56, 52, 100, 105, 100, 95, 103, 116, 61, 49, 53, 56, 53, 53, 53, 57, 57, 52, 54, 52, 56, 57, 101, 103, 105, 100, 61, 68, 70, 80, 55, 51, 65, 54, 69, 49, 52, 54, 51, 49, 70, 53, 67, 52, 67, 52, 68, 51, 66, 70, 54, 53, 67, 68, 52, 55, 69, 55, 55, 69, 54, 50, 56, 66, 56, 51, 70, 51, 66, 50, 54, 53, 67, 70, 51, 65, 48, 50, 65, 52, 49, 50, 55, 69, 65, 55, 65, 67, 68, 48, 70, 102, 116, 116, 61, 104, 111, 116, 102, 105, 120, 95, 118, 101, 114, 61, 105, 115, 112, 61, 67, 77, 67, 67, 105, 117, 105, 100, 61, 107, 112, 102, 61, 65, 78, 68, 82, 79, 73, 68, 95, 80, 72, 79, 78, 69, 107, 112, 110, 61, 75, 85, 65, 73, 83, 72, 79, 85, 107, 117, 97, 105, 115, 104, 111, 117, 46, 97, 112, 105, 95, 115, 116, 61, 67, 103, 57, 114, 100, 87, 70, 112, 99, 50, 104, 118, 100, 83, 53, 104, 99, 71, 107, 117, 99, 51, 81, 83, 111, 65, 70, 54, 71, 83, 111, 119, 109, 108, 110, 49, 95, 119, 82, 100, 101, 103, 53, 101, 110, 105, 117, 53, 66, 45, 104, 103, 122, 77, 98, 80, 114, 55, 56, 107, 104, 113, 113, 82, 53, 80, 85, 118, 51, 51, 102, 66, 119, 108, 52, 104, 117, 68, 48, 57, 84, 95, 106, 105, 107, 106, 49, 83, 76, 56, 74, 56, 84, 70, 77, 84, 54, 76, 84, 108, 80, 112, 65, 89, 120, 113, 68, 112, 67, 45, 66, 114, 104, 114, 98, 101, 100, 67, 112, 98, 107, 81, 51, 51, 113, 74, 108, 70, 66, 88, 77, 51, 83, 57, 86, 105, 99, 106, 52, 114, 52, 105, 81, 104, 73, 100, 70, 78, 69, 70, 57, 54, 84, 113, 103, 99, 88, 99, 75, 79, 79, 106, 101, 67, 87, 52, 67, 115, 78, 83, 99, 106, 101, 103, 106, 120, 73, 104, 88, 119, 54, 74, 81, 50, 55, 99, 119, 78, 66, 107, 89, 50, 53, 78, 74, 69, 72, 71, 103, 75, 67, 53, 77, 72, 77, 87, 53, 54, 109, 57, 85, 100, 99, 66, 95, 80, 97, 57, 88, 90, 75, 50, 119, 77, 110, 90, 77, 52, 49, 113, 70, 111, 75, 82, 51, 85, 95, 97, 82, 66, 71, 104, 74, 121, 69, 83, 112, 84, 79, 108, 53, 73, 95, 74, 77, 99, 82, 110, 51, 66, 121, 102, 50, 117, 49, 118, 99, 105, 73, 80, 75, 73, 90, 54, 100, 67, 110, 86, 77, 95, 75, 69, 80, 112, 106, 112, 57, 116, 79, 65, 122, 120, 72, 71, 69, 54, 99, 81, 117, 75, 109, 79, 100, 120, 95, 68, 86, 101, 45, 114, 114, 104, 75, 65, 85, 119, 65, 81, 108, 97, 110, 103, 117, 97, 103, 101, 61, 122, 104, 45, 99, 110, 108, 97, 116, 61, 51, 50, 46, 57, 57, 57, 48, 50, 52, 108, 111, 103, 118, 61, 71, 66, 84, 68, 83, 77, 90, 89, 77, 77, 50, 71, 77, 77, 66, 90, 72, 69, 50, 87, 67, 79, 66, 84, 77, 77, 52, 87, 69, 90, 82, 84, 71, 70, 84, 68, 65, 89, 90, 87, 71, 81, 90, 84, 69, 77, 82, 86, 72, 65, 52, 81, 61, 61, 61, 61, 108, 111, 110, 61, 49, 48, 50, 46, 53, 54, 53, 48, 55, 54, 109, 97, 120, 95, 109, 101, 109, 111, 114, 121, 61, 49, 50, 56, 109, 111, 100, 61, 72, 85, 65, 87, 69, 73, 40, 65, 76, 80, 45, 65, 76, 48, 48, 41, 110, 101, 116, 61, 87, 73, 70, 73, 111, 99, 61, 71, 69, 78, 69, 82, 73, 67, 111, 115, 61, 97, 110, 100, 114, 111, 105, 100, 115, 104, 61, 49, 54, 48, 48, 115, 119, 61, 57, 48, 48, 115, 121, 115, 61, 65, 78, 68, 82, 79, 73, 68, 95, 53, 46, 49, 46, 49, 116, 97, 98, 61, 51, 116, 111, 107, 101, 110, 61, 56, 56, 97, 57, 48, 53, 98, 100, 48, 49, 101, 101, 52, 53, 49, 54, 57, 51, 48, 97, 100, 56, 52, 52, 101, 48, 101, 101, 52, 54, 97, 100, 45, 49, 56, 53, 54, 56, 52, 48, 54, 57, 57, 117, 100, 61, 49, 56, 53, 54, 56, 52, 48, 54, 57, 57, 118, 101, 114, 61, 54, 46, 57, 118, 105, 115, 105, 98, 108, 101, 61, 116, 114, 117, 101]
[*] 22
[*] 2a389db5b8ff83baf114753486e9b41d


Request{method=POST, url=https://api.mock-host.com/rest/photo/like, tag=Request{method=POST, url=https://api.mock-host.com/rest/photo/like, tag=null}}
{mod=HUAWEI(ALP-AL00), lon=102.565076, country_code=CN, kpn=KUAISHOU, oc=GENERIC, egid=DFP73A6E14631F5C4C4D3BF65CD47E77E628B83F3B265CF3A02A4127EA7ACD0F, hotfix_ver=, sh=1600, appver=6.9.2.11245, max_memory=128, isp=CMCC, browseType=1, kpf=ANDROID_PHONE, did=ANDROID_28c2ddc8c66b3984, net=WIFI, app=0, ud=1856840699, c=GENERIC, sys=ANDROID_5.1.1, sw=900, ftt=, language=zh-cn, iuid=, lat=32.999024, did_gt=1585559946489, ver=6.9}
{cancel=0, kuaishou.api_st=Cg9rdWFpc2hvdS5hcGkuc3QSoAHKjtD1xlfwQgIZqoOGDda5C0vXA3OciMf3CDnVY4hQO4K3bl88b8fJ3C6iXDsAJP_dtg3ONPzyxnz_wVALcmOpZnGIz20iJr_GHB_l-cKMVAvkBYnHbIHSJtXvW7dU9vWgvfcNJ4jVtNFsFFSLVumPfO-pBCFuZcJEgYVp5dV0eYjeKYAzXkTtsn91WxIVOP0OURAEs4bl46pusFvWAPSYGhJmQmJkX-pJEqgjQbtJv1UuVkwiIG5BkrkAbYXmkp555iEurGnncOGKHHtPOuMn7CkYJrGPKAUwAQ, token=88a905bd01ee4516930ad844e0ee46ad-1856840699, exp_tag=1_i/2000039117505817729_h88, client_key=3c2cd3f3, referer=ks://photo/131952617/5242471463330172511/3/1_i/2000039117505817729_h88#like, serverExpTag=feed_photo|5242471463330172511|131952617|1_i/2000039117505817729_h88, os=android, photo_id=5242471463330172511, exp_tag0=, photoinfo=_/_, expTagList=CkkKRGZlZWRfcGhvdG98NTI0MjQ3MTQ2MzMzMDE3MjUxMXwxMzE5NTI2MTd8MV9pLzIwMDAwMzkxMTc1MDU4MTc3MjlfaDg4EgEx, user_id=131952617}
android.util.Pair@6d6c127a